V 54
K 1
D 0 -2032000 3048000 1778000
Y 1
U 2667000 1778000 254000 0 2 3 REFDES=U?
U 2667000 1524000 254000 0 2 3 DEVICE=BMP581
U 2667000 1270000 254000 0 2 0 PKG_TYPE=BMP581
U 2667000 1016000 254000 0 2 0 Description=Pressure Sensor 4.35PSI ~ 18.13PSI (30kPa ~ 125kPa) Absolute 10-WFLGA
U 2667000 762000 254000 0 2 0 Datasheet Link=https://www.bosch-sensortec.com/media/boschsensortec/downloads/datasheets/bst-bmp581-ds004.pdf
U 2667000 508000 254000 0 2 0 Height=0.8
U 2667000 254000 254000 0 2 0 Manufacturer_Name=BOSCH
U 2667000 0 254000 0 2 0 Manufacturer_Part_Number=BMP581
U 2667000 -254000 254000 0 2 0 Mouser Part Number=262-BMP581
U 2667000 -508000 254000 0 2 0 Mouser Price/Stock=https://www.mouser.co.uk/ProductDetail/Bosch-Sensortec/BMP581?qs=Li%252BoUPsLEntPL9tlFmcgXg%3D%3D
U 2667000 -762000 254000 0 2 0 Arrow Part Number=BMP581
U 2667000 -1016000 254000 0 2 0 Arrow Price/Stock=https://www.arrow.com/en/products/bmp581/bosch-sensortec?utm_currency=USD&region=nac
U 0 0 254000 0 1 0 FORWARD_PCB=1
l 5 508000 1270000 2540000 1270000 2540000 -1524000 508000 -1524000 508000 1270000
|GRPHSTL -1 -1 -1 1
P 1 0 0 508000 0 0 2 0
L 584200 0 228600 0 2 0 1 0 VDDIO
A 355600 50800 203200 0 9 3 #=1
A 0 0 9 0 3 0 PINTYPE=BI
P 2 0 -254000 508000 -254000 0 2 0
L 584200 -254000 228600 0 2 0 1 0 SCK
A 355600 -203200 203200 0 9 3 #=2
A 0 0 9 0 3 0 PINTYPE=BI
P 3 1270000 -2032000 1270000 -1524000 0 1 0
L 1270000 -1447800 228600 1 2 0 1 0 VSS_1
A 1219200 -1676400 203200 1 9 3 #=3
A 0 0 9 0 3 0 PINTYPE=BI
P 4 1524000 -2032000 1524000 -1524000 0 1 0
L 1524000 -1447800 228600 1 2 0 1 0 SDI
A 1473200 -1676400 203200 1 9 3 #=4
A 0 0 9 0 3 0 PINTYPE=BI
P 5 1778000 -2032000 1778000 -1524000 0 1 0
L 1778000 -1447800 228600 1 2 0 1 0 SDO
A 1727200 -1676400 203200 1 9 3 #=5
A 0 0 9 0 3 0 PINTYPE=BI
P 6 3048000 -254000 2540000 -254000 0 3 0
L 2463800 -254000 228600 0 8 0 1 0 CSB
A 2692400 -203200 203200 0 3 3 #=6
A 0 0 9 0 3 0 PINTYPE=BI
P 7 3048000 0 2540000 0 0 3 0
L 2463800 0 228600 0 8 0 1 0 INT
A 2692400 50800 203200 0 3 3 #=7
A 0 0 9 0 3 0 PINTYPE=BI
P 8 1778000 1778000 1778000 1270000 0 0 0
L 1778000 1193800 228600 1 8 0 1 0 VSS_2
A 1727200 1422400 203200 1 3 3 #=8
A 0 0 9 0 3 0 PINTYPE=BI
P 9 1524000 1778000 1524000 1270000 0 0 0
L 1524000 1193800 228600 1 8 0 1 0 VSS_3
A 1473200 1422400 203200 1 3 3 #=9
A 0 0 9 0 3 0 PINTYPE=BI
P 10 1270000 1778000 1270000 1270000 0 0 0
L 1270000 1193800 228600 1 8 0 1 0 VDD
A 1219200 1422400 203200 1 3 3 #=10
A 0 0 9 0 3 0 PINTYPE=BI
E
