V 54
K 1
D 0 -2032000 4318000 0
Y 1
U 3937000 762000 254000 0 2 3 REFDES=IC?
U 3937000 508000 254000 0 2 3 DEVICE=TESEO-LIV4FTR
U 3937000 254000 254000 0 2 0 PKG_TYPE=TESEOLIV4FTR
U 3937000 0 254000 0 2 0 Description=Tiny dual-band GNSS low power and measurement engine modules
U 3937000 -254000 254000 0 2 0 Datasheet Link=https://www.st.com/resource/en/datasheet/teseo-liv4f.pdf
U 3937000 -508000 254000 0 2 0 Height=2.3
U 3937000 -762000 254000 0 2 0 Manufacturer_Name=STMicroelectronics
U 3937000 -1016000 254000 0 2 0 Manufacturer_Part_Number=TESEO-LIV4FTR
U 3937000 -1270000 254000 0 2 0 Mouser Part Number=511-TESEO-LIV4FTR
U 3937000 -1524000 254000 0 2 0 Mouser Price/Stock=https://www.mouser.co.uk/ProductDetail/STMicroelectronics/TESEO-LIV4FTR?qs=By6Nw2ByBD3%252BjjBvGBu5LQ%3D%3D
U 3937000 -1778000 254000 0 2 0 Arrow Part Number=TESEO-LIV4FTR
U 3937000 -2032000 254000 0 2 0 Arrow Price/Stock=https://www.arrow.com/en/products/teseo-liv4ftr/stmicroelectronics?utm_currency=USD&region=nac
U 0 0 254000 0 1 0 FORWARD_PCB=1
l 5 508000 254000 3810000 254000 3810000 -2286000 508000 -2286000 508000 254000
|GRPHSTL -1 -1 -1 1
P 1 0 0 508000 0 0 2 0
L 584200 0 228600 0 2 0 1 0 GND
A 355600 50800 203200 0 9 3 #=1
A 0 0 9 0 3 0 PINTYPE=BI
P 2 0 -254000 508000 -254000 0 2 0
L 584200 -254000 228600 0 2 0 1 0 UART-TX
A 355600 -203200 203200 0 9 3 #=2
A 0 0 9 0 3 0 PINTYPE=BI
P 3 0 -508000 508000 -508000 0 2 0
L 584200 -508000 228600 0 2 0 1 0 UART-RX
A 355600 -457200 203200 0 9 3 #=3
A 0 0 9 0 3 0 PINTYPE=BI
P 4 0 -762000 508000 -762000 0 2 0
L 584200 -762000 228600 0 2 0 1 0 PPS
A 355600 -711200 203200 0 9 3 #=4
A 0 0 9 0 3 0 PINTYPE=BI
P 5 0 -1016000 508000 -1016000 0 2 0
L 584200 -1016000 228600 0 2 0 1 0 WAKEUP
A 355600 -965200 203200 0 9 3 #=5
A 0 0 9 0 3 0 PINTYPE=BI
P 6 0 -1270000 508000 -1270000 0 2 0
L 584200 -1270000 228600 0 2 0 1 0 VBAT
A 355600 -1219200 203200 0 9 3 #=6
A 0 0 9 0 3 0 PINTYPE=BI
P 7 0 -1524000 508000 -1524000 0 2 0
L 584200 -1524000 228600 0 2 0 1 0 RESERVED_1
A 355600 -1473200 203200 0 9 3 #=7
A 0 0 9 0 3 0 PINTYPE=BI
P 8 0 -1778000 508000 -1778000 0 2 0
L 584200 -1778000 228600 0 2 0 1 0 VCC
A 355600 -1727200 203200 0 9 3 #=8
A 0 0 9 0 3 0 PINTYPE=BI
P 9 0 -2032000 508000 -2032000 0 2 0
L 584200 -2032000 228600 0 2 0 1 0 NRESET
A 355600 -1981200 203200 0 9 3 #=9
A 0 0 9 0 3 0 PINTYPE=BI
P 10 4318000 -2032000 3810000 -2032000 0 3 0
L 3733800 -2032000 228600 0 8 0 1 0 GND_RF_1
A 3962400 -1981200 203200 0 3 3 #=10
A 0 0 9 0 3 0 PINTYPE=BI
P 11 4318000 -1778000 3810000 -1778000 0 3 0
L 3733800 -1778000 228600 0 8 0 1 0 RF_IN
A 3962400 -1727200 203200 0 3 3 #=11
A 0 0 9 0 3 0 PINTYPE=BI
P 12 4318000 -1524000 3810000 -1524000 0 3 0
L 3733800 -1524000 228600 0 8 0 1 0 GND_RF_2
A 3962400 -1473200 203200 0 3 3 #=12
A 0 0 9 0 3 0 PINTYPE=BI
P 13 4318000 -1270000 3810000 -1270000 0 3 0
L 3733800 -1270000 228600 0 8 0 1 0 RESERVED_2
A 3962400 -1219200 203200 0 3 3 #=13
A 0 0 9 0 3 0 PINTYPE=BI
P 14 4318000 -1016000 3810000 -1016000 0 3 0
L 3733800 -1016000 228600 0 8 0 1 0 VCC_RF
A 3962400 -965200 203200 0 3 3 #=14
A 0 0 9 0 3 0 PINTYPE=BI
P 15 4318000 -762000 3810000 -762000 0 3 0
L 3733800 -762000 228600 0 8 0 1 0 RESERVED_3
A 3962400 -711200 203200 0 3 3 #=15
A 0 0 9 0 3 0 PINTYPE=BI
P 16 4318000 -508000 3810000 -508000 0 3 0
L 3733800 -508000 228600 0 8 0 1 0 I2C_SDA
A 3962400 -457200 203200 0 3 3 #=16
A 0 0 9 0 3 0 PINTYPE=BI
P 17 4318000 -254000 3810000 -254000 0 3 0
L 3733800 -254000 228600 0 8 0 1 0 I2C_SCL
A 3962400 -203200 203200 0 3 3 #=17
A 0 0 9 0 3 0 PINTYPE=BI
P 18 4318000 0 3810000 0 0 3 0
L 3733800 0 228600 0 8 0 1 0 PRG
A 3962400 50800 203200 0 3 3 #=18
A 0 0 9 0 3 0 PINTYPE=BI
E
